A=NaN(1, 3);
A(1, 1)=0.1;
A(1, 2)=0.5;
